10000
33909
67713
41869
33836
-55981
48202
73097
25228
68204
-36409
53282
-18112
27557
-90146
-51410
94032
-19631
84572
-17401
-96923
93364
57340
651
-2401
-1461
51373
53199
-47225
-49093
-23113
-65826
43632
-51039
32479
-17794
-76774
92308
-67028
23587
93409
-42196
-12614
-78703
96134
67153
95445
99595
46853
-5170
24723
-11609
28312
-32142
-23248
28123
-10519
-46756
-92881
-44646
15061
-80756
-50838
8998
-43565
36119
90821
-80166
11184
-66486
-97177
78278
49294
-2590
-58495
-28113
852
59762
-85652
-92147
36511
89991
11573
-19780
792
6920
-66975
21403
76003
71236
8703
-22392
-23879
70015
-84066
46390
37068
-31264
-2390
27238
99874
94110
-45279
32134
23675
-3878
-7035
-41090
-42939
53101
488
-78084
-3945
-8011
-6270
-24148
-89351
95275
-29375
36537
-99762
60544
-62125
-17687
-99333
7934
-54247
-424
-21804
39029
-73500
48441
66998
44167
21884
-38769
73214
-63052
16024
-87839
24021
79243
-590
-56080
1713
57697
-63373
-19810
-27390
23490
-23707
47025
-44006
32662
-68714
-55409
6249
50090
68051
-15413
-55204
-45592
92303
63297
-1210
-57725
2969
-1336
-29140
-72981
19059
96012
-79738
970
-16794
75323
-22311
-63767
89348
-67778
-46960
56817
-96469
25422
14049
36945
-67980
70342
98837
-86795
34294
-4265
-14331
33561
72343
52055
98952
-71189
60872
10459
-7512
-11981
57756
-78228
-28044
37397
-69980
-27527
-51966
22661
-16694
13759
-59976
86539
-47703
17098
31709
-62497
-70998
-57608
59799
-1904
-35574
-73860
121
42284
-48130
3429
-28987
99450
-34686
-64474
-59269
-93852
-31699
58230
-19988
-92451
-92420
53873
-87915
-28859
42360
21191
98507
-9780
52220
25887
-73623
14407
73354
-15152
9092
-59266
93833
72566
-73311
-48915
46435
34108
-17038
-6116
-5829
-52859
-60789
41799
3118
25011
13013
-11128
57505
3853
9763
-78720
738
51928
46440
79258
-97461
-14931
80060
-75349
64876
-58628
-33607
-78987
-15642
-73934
93629
87970
84768
-54573
21509
12875
36071
61262
-90953
-9354
-75443
34265
14061
-83977
-11527
25395
-39978
13318
-9389
-20531
78289
-75559
-57576
99727
85082
38053
-44997
-58424
-68226
39111
72776
-46207
90155
-41166
-27850
-5478
81012
-873
-76890
-23510
-57194
19657
47727
63512
-71113
73043
89630
90136
51993
61558
-88579
44647
-56290
90100
-77954
-81010
-74968
2238
1119
-70328
3541
-9650
51934
64069
-88114
-57973
-9974
42412
-97702
80170
15476
7944
-82771
55788
-65828
-17084
92971
61003
-87378
56005
12798
-17015
-72930
-456
22954
22427
6559
46999
28361
-28782
-27185
-68630
9777
-38948
-34435
56042
-98057
-76582
57087
12215
93757
-30281
48600
-16568
53526
-88654
18007
-32139
46725
5880
-40055
62551
4760
-13878
-81211
-52124
16427
23134
-62437
-77510
-46914
-25068
-85450
96718
-6697
-76360
38029
-60046
96398
91217
8365
61047
-74411
-3093
-94385
1632
-19815
-87808
-60908
67244
78059
-93285
12783
-97764
-44496
-55536
-79439
-90357
41609
-70322
86460
6736
23705
-91676
30643
46476
63956
-1169
71901
8560
-52847
-39090
65961
-45823
14953
-19708
-31685
16356
-90487
-24759
-35413
-2173
-94071
44740
-18341
-31320
55421
9143
-84719
-99989
-11043
-56922
87284
-40436
-56504
-54556
49968
71427
-85066
41371
69627
52592
-23762
-65851
3680
16174
-1311
-57350
-20255
31707
1702
59449
90762
34542
-8000
-40612
6927
-59133
14338
-12593
39281
5854
82618
84863
-24862
93639
-48082
-4137
74989
25071
-11978
-36773
-19011
-37707
-99281
-93045
-73866
66581
-71136
-79292
44762
-67595
5646
-20961
8838
-25524
-14777
89841
-36420
9877
14188
79351
-85800
38305
-28492
54251
30166
97315
57191
-2736
-93541
-68966
21300
-28502
63480
628
48515
-97971
-5104
94087
-49451
-84644
-90647
-51176
2280
-38714
-68641
57052
-69811
-91017
-33676
39033
69475
66008
-66462
70577
12569
-86047
-39464
66132
-94938
52358
49412
-55866
-80321
-88155
15083
-27609
2806
58745
7591
-73095
78105
-97613
21445
2765
27154
43555
77024
-18331
-43723
-55774
50575
-61023
88282
14687
-38913
66693
-13847
21800
-15098
12510
-80749
15652
16097
-710
-34072
29431
-96730
78172
25942
-62150
-31386
-40923
86158
81464
94770
-86257
-35340
-41313
69207
-17172
-61327
-58179
20824
-90636
7442
-47362
96494
-24220
76995
-68788
-32721
92167
-5482
-55206
-98420
-80574
17776
49593
-99693
-70946
77525
51211
-71528
-38379
-22489
89379
22342
27812
22257
-63916
81542
63477
16858
-23209
30373
94933
-19885
29099
92163
58020
-14450
31180
55959
81424
7229
-32145
-28748
-29786
19192
42551
-60153
-16143
79334
13591
-92579
-15466
-11452
9028
16519
22339
-95820
32662
-53165
-32151
75903
-67293
1857
-33062
83116
-71298
-30558
29051
4654
43205
17386
-57651
-3972
-28881
32866
37851
-74921
-70589
31974
-24011
92391
34947
-85460
82867
10068
13044
88567
-47970
-10528
10895
-11781
-29750
30020
50588
4937
56208
8288
-23181
31505
-43438
-83814
74434
-61140
-195
-29888
-2490
50383
51632
-65912
63335
-47794
-9811
-78371
75739
-42037
33931
-1244
42639
-18380
2057
62152
-29969
-28401
-46282
74980
-55613
46457
15565
-55497
45623
-40497
-30240
5962
-21604
92532
-29596
22568
6787
32983
55410
-26195
60088
37054
-47846
-8295
-23305
-87949
-1447
63339
41627
-85957
-21854
60369
24124
-2939
3885
-78952
18747
70925
-70399
-93978
38157
68504
63302
-77591
-37424
83695
-55387
-50713
18280
-5286
8406
70777
1997
84156
-16236
93931
45525
-67315
68653
58832
75773
-70881
70844
64313
26929
-8929
15217
-49800
99168
50906
52052
71691
21760
2627
-8937
26147
-63011
-58396
-57720
-66567
-32222
57691
7541
86346
-76305
-4062
-51074
90958
44382
-72015
39911
-88809
-65090
-49211
-71120
31182
4373
-57809
22104
20207
-36309
95872
32505
-12273
71110
73002
50831
-99688
10874
-36033
-49044
-11341
-355
3646
-75801
-59162
-81147
47340
28529
-6169
18626
-21843
-68005
-57815
56850
-39302
85732
53968
-70955
-59387
-37947
-95123
37364
57021
-36848
-22177
-66714
-25813
-88249
-9228
-38227
-34262
-12256
-21742
29531
-55289
-21542
-47042
-4446
-46720
32365
-98395
66563
-65688
-24093
-23183
-34548
8370
-6513
87841
-3260
90838
-39300
-74002
-76069
-13492
-52208
-77880
56144
-54601
-983
92138
-95615
80079
-71998
-5404
39020
84092
52820
94342
25051
62963
-9196
53097
-91052
7946
31428
-92276
-58136
-91256
49396
-97923
-45639
-17409
-168
51306
-66283
-70401
-75238
-1549
-13972
14534
-97934
-79356
31019
-33874
76563
-12130
26181
61788
-51536
-2693
-62621
-15700
-60882
17119
-67843
-55576
-51868
-60719
-72583
-16500
59629
-91270
-39243
43022
48450
-83220
-86968
35056
-34427
85623
-82328
-97310
50925
-47939
42989
-4225
-38008
-39781
-9153
37281
-4326
-90323
56463
-73928
-18452
4486
-96488
-24496
81584
16808
63710
65934
-25329
-67716
16917
-35437
-58568
42627
-36045
94613
26957
-24458
-73153
-78646
-71038
70015
-18791
85258
-32426
-39422
13793
-50808
-32674
80739
92171
56018
25007
-46551
-75674
84988
83192
-42724
89191
19492
-66658
54520
71364
78889
92382
-47750
-97900
61981
25690
87382
7335
-1560
-14313
20094
2374
17097
77463
-46792
-29
-35451
-96005
94297
-71412
72357
-85969
13853
95603
-94979
37163
-91118
32656
99121
44266
-1646
-99028
42027
-890
5967
-31701
-96276
-70099
29086
67141
-18452
5966
-93717
-48158
47396
52469
-54294
90350
21473
69961
16163
13549
-61398
97142
-13019
23995
-2548
-23544
-31659
33617
-76041
-14668
-80464
27499
55879
84087
11639
28629
-2763
45023
50259
-65931
76166
89122
-3531
23870
-43099
-73405
-28528
22874
-14209
-60667
57329
-4995
68241
34195
-30258
7002
-45318
14144
65775
-62918
-86375
69219
-23694
13609
-49190
26253
-95565
-32365
83895
-22503
84174
-99714
79041
-34974
28975
45380
-99689
-59195
-59246
26338
-53356
84730
-89185
-62616
38276
85532
-89556
-92463
-40487
-21635
-44331
-23307
-7935
-41202
82613
35089
-48516
-88669
67862
-66586
84773
24041
3201
79796
30569
3556
57575
-2035
64446
11706
-32077
-56648
-51210
-65473
-7416
-68863
70107
60102
63616
-93295
-91218
-14287
-8099
-19852
45592
-98731
-50321
-54518
11586
-7477
63150
-61074
64925
-69231
-65764
-90546
84622
26882
90694
21661
-8538
-36970
59480
13841
-88504
-78214
67997
-55972
54979
-40732
-75981
-89460
-88066
-78765
41733
-94493
33837
74960
82754
83237
85495
95995
22678
15460
84036
99184
37159
-87468
-92237
-81058
211
-84330
-5511
-78070
-58415
-71844
-16375
-71897
2589
-12360
-76015
-47707
-25377
34421
-69888
23493
-97149
30911
-58039
70038
4955
-76821
-22568
-99952
84166
2271
76154
43017
-4039
-56984
-60534
-23546
27999
57600
48455
-27786
-83324
67773
82800
-73299
49312
62340
-91063
69517
-68992
56891
38767
93655
29531
42778
75907
76831
-94825
30502
12120
-89757
62092
15503
9181
-21482
-98999
52962
31318
-54261
-5015
-82661
-9981
71157
62128
23198
-61422
80453
60053
-3812
76938
90219
90846
39786
-56283
-13618
-6796
24024
-37535
-32448
68490
64127
84948
-77136
67693
-52803
5138
76245
61658
-34341
-17312
-12612
-74334
-37887
72191
74896
-30089
23557
53381
30560
53385
-12628
873
-6711
-72327
46339
59460
-55501
51665
-97244
31860
-21703
-90615
-94612
-90167
-92615
-93035
-5041
-59334
-14490
-29398
-33208
-21077
-29177
45012
72646
-40290
48133
21208
-60950
-41156
-3923
57477
-53086
43850
69398
44942
76764
33826
-68102
-16679
-61797
-86226
-68989
-86942
-72290
34467
-40949
-12742
89594
62964
55806
64805
-60385
46505
-63816
53622
-20642
-3421
-78047
9113
74576
-13632
63607
-65448
-91555
-37136
32913
-88951
-32882
-48636
-75326
-79816
-32090
5496
57258
74714
24028
-60185
82600
89945
82478
92078
2021
-38282
-93750
-95599
40005
41581
10171
95608
-32435
-74373
28407
6499
253
59764
-26559
-24493
-45169
-65098
51463
16987
16673
-94846
-55710
58578
-15746
-75086
42560
44718
56759
-19185
31429
-75050
-16955
72419
-26251
46582
-16810
74507
48214
-32521
68306
-79916
42768
-24315
-4035
-42224
52148
-20670
-5030
3483
-20280
56042
26078
-39025
47127
44208
65961
27112
97748
-48762
86823
-18756
18970
-87125
50814
48436
76891
-15753
-83297
9685
-62636
82199
43002
-76394
-77240
51355
17757
-76060
-39299
89443
-45883
-77523
53751
78488
10581
9036
15087
-91030
-69857
-40545
-74977
-98100
97994
24641
-14474
13159
-6020
19195
11868
-92424
71042
-95096
-53721
-37561
38466
85996
42137
-22852
5214
-87478
56233
48255
-42884
-82609
-58587
7822
-91099
74510
-82557
-8384
54522
-92509
20626
-37238
-36319
97492
12512
-92407
6673
4916
-37639
-43164
69027
-33770
-33659
-10440
76671
42239
77923
-6553
-84147
66219
69704
19782
22742
-30135
4048
88790
-81257
84666
74454
6672
1425
88024
-62391
-83384
7437
-93546
37554
-82868
-75399
-20617
-64253
-56648
-9788
81900
62774
61526
76613
-70879
18722
-29545
-4426
21608
63012
30785
-63855
-15388
44442
-97097
-83461
-81433
65539
-28924
-39479
51674
-33569
-91174
17066
17120
-40664
6961
-74795
-3750
33494
31260
51256
-20264
-31211
24717
-66370
-37869
41608
86319
17937
97399
80052
57723
-99241
-40331
-615
60700
-52686
47408
-22743
94640
54357
24713
66920
-52367
37724
-15102
68283
-84643
97420
52826
80272
94924
-70910
7097
43805
14905
-14173
34347
64742
-16518
42709
-60368
58791
7645
69472
54593
65868
-13105
-27480
36343
-82682
96036
-76871
-76465
-37487
23411
-76764
-12051
-72410
-46820
-26782
-82343
-52489
-73222
4308
-10944
95682
-30425
58954
-84899
90604
-26076
50094
-65767
52428
-20159
-61173
-9420
88812
-89645
-60855
-41993
-82789
6669
-19927
84823
-54346
-97882
52723
90245
68730
-33856
-24140
-98359
-28615
-70073
-50846
66580
-78281
78756
-19561
-76683
52755
57280
41535
-93621
-56000
84181
21439
-89432
26017
74557
97178
93339
-49453
-393
82333
-22755
28240
71916
68263
-32354
72489
-36817
-34378
-91608
-83646
23691
2301
-63512
98508
53811
-81552
30978
-39890
97200
86117
32816
-42315
-77991
-39787
-95582
64495
32382
-95860
63060
-16975
-73918
-64808
24301
-55017
-16308
-52019
80335
75586
-43814
-39561
-47793
-31152
-55659
7465
81015
39869
-22745
25009
46321
58130
-66844
-22177
37918
-11925
-71454
-51913
-52506
-61423
-21898
-92375
58626
86967
-34817
-98821
56238
-45516
-78255
-64407
-93766
-85985
-57722
65933
-9308
55251
47335
63899
-50968
92536
-36050
-74531
-57366
35862
15032
-51750
62470
13770
-16098
-84319
94208
-46403
81135
68580
11185
33571
-71520
11394
73663
55774
87845
-78140
24328
32185
-9340
-90512
-45367
23415
-82586
-21339
-16914
94351
-99467
-45475
-99803
-63490
94160
69705
-70394
-72090
44586
-75789
30255
15887
-36627
22539
23536
-33564
-80178
-23882
-67095
19260
-22263
53617
-50905
-48179
31964
-38339
86450
-70735
-96489
-45930
-81408
-38917
-76664
85183
-13037
78906
85757
28160
-53774
16583
-33314
-8919
32247
2290
83567
9017
77813
-88220
-45614
-63086
-92436
-8393
-11757
-52359
-29219
-44695
-59461
18366
-52718
81105
-93947
4038
-21524
-56135
10460
-87890
-83557
-22306
8075
19018
-16854
-16217
-81869
12451
92101
79272
-48657
20336
4670
98050
4834
19507
37694
-27731
-91806
-56778
-87620
94818
-65551
75687
-46600
-41400
-29397
29362
-46898
50939
2481
-78623
-12865
55187
-40734
52726
80538
-60816
9966
-24352
-92965
20783
-62568
27702
-12585
23599
1603
-11838
-57005
-883
15671
71469
16982
16422
-69849
-83620
-23267
84951
75673
81142
-32907
-42236
69975
54557
1921
50664
20570
89007
-54197
-86763
13936
19456
-16772
36744
-43460
-15771
26394
76554
-33343
-2450
67176
22454
7901
-17678
-20308
-46462
98959
-23406
54943
3600
-86290
-4920
19510
72308
-59709
54406
-11747
-39927
-54910
19455
38530
73285
77811
97675
71860
-14922
-72798
-2153
2097
-25346
13792
7143
1029
76451
68136
-14762
61317
-64679
-93734
-38796
47637
-14664
93589
99430
-74664
80085
-76939
45701
-63199
71664
89835
-73689
-9631
-78809
69306
-55285
54554
69049
-65869
16354
25119
3328
-11294
-36565
-60046
-74689
62890
17220
-8842
-93293
-7928
-31725
-47975
-27405
-23721
-71191
72882
45896
79241
60644
-34829
6943
50326
6830
78852
-15601
-9365
-31972
27532
-52455
-97740
-44241
-56172
-57871
61715
-99066
-553
-61975
-8916
-53195
-34731
-10034
75019
90217
61908
-36482
68228
-74950
-291
-28463
-30850
38940
33271
81885
-59010
-43881
-92469
-46693
-88706
14707
1725
-49114
-3429
-46051
96855
90659
-46367
17044
9306
7418
-74394
-64510
-42157
9295
-7612
-65812
74743
39316
-99432
-51520
-60606
-81701
86841
50431
-69687
-23754
36842
80860
-70585
-72234
97056
-4441
-40921
-57002
-19328
64094
-54181
-29819
-60861
-15817
52951
71490
-83384
-53704
83015
94667
63910
-22302
-67368
-66889
10863
61824
95169
-62677
-93129
31871
67149
-21683
-56991
-28736
7615
94202
36915
3111
-69093
-23281
46509
19196
-90154
-25636
-16463
-76591
74781
-2465
99692
51004
-2098
-56370
-72811
-14302
41308
37563
-86559
74368
22638
-36242
48788
-5118
82504
-66276
-58776
67960
-39456
-5100
45510
26306
-7081
-41491
13959
26765
98555
-62766
-89838
16283
-95967
93868
13320
-92670
-75337
51979
90884
-24695
72634
-61216
17355
-20435
51780
-29606
-41155
21462
-88734
84105
43891
88887
-16154
95762
40452
52809
20537
-73456
-62249
60961
78715
-39902
97156
-84033
-19850
20759
-45880
-72559
24667
-48731
-20750
66829
46364
-98582
87344
-87153
-8823
65379
78036
-41995
-81678
-21544
56027
44789
-72776
-56821
89544
95620
-91771
-41038
-12426
66886
6224
47866
-76653
-93587
-58330
-88714
-32239
-92491
7385
5558
38732
16080
-72398
-49584
-42256
-61393
-34286
-7315
-20507
-47390
28605
-47188
19720
60034
56121
6734
66599
-87431
-4290
71198
69672
-2460
62648
43312
2236
-64237
-73710
-42785
86210
-32111
-42763
18024
-99518
66411
85765
40659
70915
22193
81311
72338
25147
2233
40176
-96646
-64703
48352
41463
49232
35621
-73387
-17530
-45895
43152
20150
79850
-93062
-41980
95023
-24537
-93967
-84909
56594
-78807
-55817
-90260
18738
-19869
-57710
45330
-41868
-24468
71540
-68537
-26942
44409
-27303
-71679
-18231
82858
-2751
-40214
79017
14228
-45160
-66001
53353
86393
40107
-36647
3843
33173
-35685
15259
37327
-5625
27604
62022
-62731
10217
-29656
84894
51526
12468
25901
53454
-46281
25133
40441
74559
-3787
-94064
-24012
-7031
90889
44539
-59962
29864
61645
-47558
-29034
71838
40119
80679
41079
-82004
73959
34228
49331
-15860
18508
39796
99417
-63614
-98049
69765
37145
-87059
1219
76288
16554
13032
47784
-68892
-15129
-60902
-44130
86317
33157
-75564
13830
-3584
98351
89466
53856
-71812
5072
-63046
32990
30679
-71581
72933
-3792
36639
43699
-30314
14975
62134
-20592
32441
20263
-66765
64095
-17341
74576
-79966
81770
-48725
-40354
85351
-92974
38570
4292
9618
-27363
77216
23587
-27608
81054
-97643
44751
15255
-1824
-31063
48373
88
-56203
38994
67592
-85798
-96482
82172
-75143
-97204
67759
-50267
-80747
88166
-94811
91901
45032
-41356
-38312
2915
11463
86705
-26672
33137
21406
77251
-47875
12435
-94659
73259
46206
-22858
20422
13952
-18052
-58710
51377
72887
-74928
76959
-4901
-1885
26234
17203
-46320
-22450
7346
71780
49215
-8002
-38244
86850
-52315
-55514
-74910
-88083
-22785
17096
-44484
-17198
-98868
35161
-32142
-94272
86630
5476
-12162
96804
-22086
60995
-77608
-19021
43353
-36105
56947
-96443
40990
-14928
7241
-72774
-36987
-97359
22873
66186
54140
-41531
75076
-26723
-21555
52617
25932
-96530
-37399
-16023
8804
33656
6711
-90878
-74812
-79124
-6386
26053
95979
-28007
-54288
-98623
-15127
26024
2723
7404
-44864
23965
-70362
-21402
6533
23263
-58912
4201
34540
54217
-34550
65591
28033
2408
20471
-82707
61529
-48064
39397
-46859
2405
-88470
-57661
38229
41163
-91103
26399
-9706
91595
6807
58900
-16067
8661
63351
-57569
94726
-33212
-22337
-82507
-54051
11353
-12220
-87769
-29168
24355
51403
-25244
-84618
-77413
79570
73472
19796
34609
6651
-92423
-90991
18446
-87104
81902
-588
-50839
-25498
33870
-22333
77793
13872
-41941
-67407
-12391
50877
-16847
84123
50363
-9273
-4750
-61996
-72725
65331
-27093
81229
57951
-1503
-8032
-14897
-10287
-89470
88475
44586
-45248
-26715
-2236
-46197
19287
37926
-67403
85742
66034
22178
-69550
-60188
-70662
99554
-64471
-52744
3599
-62475
-86099
-54652
-3694
-70221
-84938
60532
8117
70798
97380
55774
-55617
37888
86813
-50924
-77616
-40983
-19679
49442
89735
-70679
61966
-6245
97663
-5799
79435
36997
31107
93816
-73044
64986
-88592
-92513
-22696
4022
-15271
-14108
4102
-69914
-30833
-37003
-30461
-67766
-50893
69793
84845
53609
-29355
-4389
92479
-73461
55787
66525
-22845
-98025
-7670
44410
2668
23685
63368
83704
-85247
62320
-32381
64344
1983
-51722
27281
-97454
-17466
-11332
18606
-40503
-43862
-56960
65163
46534
-82951
-43227
-47350
-17457
-47210
65682
16394
-60537
-84101
43714
16367
12122
71339
42257
-75764
74182
-41816
-72194
4443
51978
-23102
-35884
87049
38418
-18712
-71537
-57992
10905
-10412
-86279
94506
88603
-73543
-20748
1511
-1996
-99396
15577
57147
-24124
-16176
-84158
22694
-6197
-24490
-52598
33048
96387
37181
78936
-29949
8690
-59146
8826
46677
-69143
20398
-42411
93797
-77590
-10546
-11716
-19229
-50675
20214
-5341
82700
-27242
52603
-18910
-4447
-42316
15032
14391
60861
-44424
16054
64210
-69776
20888
-36023
-70952
-2718
-1109
-11694
23691
57556
-62542
35009
10007
-8532
28449
72217
-72073
24744
79631
28674
-71512
-59886
45761
-18626
-97849
-47652
-81406
3037
70105
-71909
-44869
-31545
-84385
-79547
92196
53479
50452
76654
96708
-52217
-40397
-52002
-73550
65172
95392
-69684
-46777
-77689
4945
-40199
3468
-60790
51721
21621
61839
-94382
55438
37545
-66350
-68558
-64550
-67755
96027
62339
-62042
61425
59504
25287
94251
17739
-22802
-17893
-11245
38738
27629
-28014
93837
-88186
-56401
29744
13358
3806
10420
-7489
63069
26620
-73708
45690
37085
81742
-19617
33755
16642
-10305
6288
37178
-33593
-31467
-26004
76592
-45528
70523
-64869
11140
43170
70107
38204
-81974
-45138
2655
-28601
58598
-47833
-89722
-63292
66254
91955
86782
23060
-3931
-26508
-23158
-93937
68624
-36852
-63364
31212
-31589
95321
-61207
-9045
42933
-18953
-24113
-62027
-62697
84618
-3735
-45018
-79063
-39037
82377
36421
82113
78014
92679
1587
76741
61759
93371
14920
-38585
60993
-66532
17483
71278
-46087
-58602
30421
54786
41648
-73825
73927
31597
94340
80658
-79883
26306
98332
37437
-30924
-92964
-31356
65170
-13293
-49809
-11559
-23157
-71911
-14144
37113
-93174
-28490
-35000
-96769
-91263
26420
20186
56743
-44495
20811
25227
27070
53880
-55848
-97118
14824
95916
-19322
-78469
14584
77693
71516
44663
46660
25747
15494
-53768
92769
22491
-35243
8767
-10324
53722
-4141
-35264
-84347
99643
-2601
39111
63879
15092
-77023
-62148
-28232
-29570
8546
-44846
-41135
53580
-62030
39441
84668
52367
18080
72205
14769
-96827
-12204
-18008
13339
-94983
75236
-93544
-83444
-15059
85073
95052
94280
73107
32904
-99783
67085
-683
-97634
-53690
-88745
95118
39247
85589
-45499
46990
33133
-9964
-79557
58757
38193
-33370
-18286
53062
51293
7836
-53478
80304
87603
-33400
63824
-22803
-99846
91260
-44633
-51030
-10253
2855
-91076
-4429
46363
42093
51421
91556
4374
41814
-76964
18871
-50079
-8496
94142
-80255
-4799
-50004
-36027
61275
-70502
-70891
90785
98649
918
-15816
-18866
-59415
-17872
-94891
94083
62219
28080
-54488
-57858
-86926
15295
61391
-55171
9325
54432
-24936
-83172
75108
-43194
-28808
57881
18541
44645
-93137
-94719
-39066
7565
96902
64406
84524
8996
88463
-80090
-7505
3885
40041
54773
133
-10471
-47288
12089
48602
-27308
-16658
54140
5637
83177
-63621
44960
-59470
38678
99740
-58037
15216
-64713
-18344
-34769
45111
52808
-395
43942
41896
52011
11174
-99873
96558
-57227
72555
-49087
22495
30257
80874
35840
-78657
-29020
18916
-97416
23181
16810
-55313
-20123
71183
-76511
10028
-81041
-86138
37509
-21114
42598
-40226
-41760
-66060
-13012
-17916
22026
-8019
-14539
-32296
-16938
2156
3746
-70892
-44437
20919
-6256
-34796
26543
-86782
-54780
41904
75606
-12693
72414
58467
-51348
-11975
90091
25187
-31603
-77966
-11999
-56158
88898
-40714
-37456
35154
15392
44150
80192
-57497
42974
-55130
-52988
-75926
98002
-83719
-26148
57844
93262
17147
-44634
93071
-7780
-65886
31619
83669
95268
-46749
78186
33680
7980
-67770
-98102
37051
27413
90735
52773
-2980
56738
-64058
7902
-97565
-64119
-30220
-64772
60518
19071
-18792
73329
21097
-84189
30222
46234
-11997
-45674
18556
-37193
-95087
68703
57729
5692
44262
51920
320
84476
-65816
-6238
15456
31710
-39665
97179
-65228
-52639
22226
23910
-88992
-99685
31941
91132
-41733
4941
-42424
97376
56537
78129
-36466
-56054
65218
-13892
-86803
13339
-59639
-37917
-23973
-32012
37700
-14219
-67299
-77526
80171
33610
-38672
-89513
-54941
-57886
43985
12054
43760
-54561
81274
41119
-66407
-1057
226
-42500
-76222
13741
83147
-74863
78181
32011
-57873
21485
83366
34012
74205
-83127
56973
64990
-86466
3896
19676
-48343
36026
-96567
-83816
92832
-41790
49387
-14586
11013
-89311
55494
-47098
19187
76776
-99939
34132
-96417
-98331
14717
766
49265
-31483
94706
-74112
-51590
44673
-35660
35965
46363
21381
56601
93176
-18751
-44820
26140
93747
-63759
46035
48726
-64394
-6911
-59961
-9707
-13906
11865
97764
-45850
-73165
-44286
1104
-61686
70447
63200
-11563
-6478
30047
23158
70730
80523
-50994
74198
50061
11943
-62646
11610
4547
-50998
-79803
71925
11349
-54172
19368
-77726
62224
-48473
13638
-20677
94667
37239
-43560
75588
-25188
-75873
-31031
71246
-18368
88338
81140
-85015
-17470
91339
52712
78165
-52890
67222
-39551
33892
-12848
-13791
-76450
-39506
-2256
-75119
-18626
-22683
93531
54075
81307
-48152
-53847
-55830
36614
-92047
45371
40999
-14598
99208
12879
-62262
-55678
-2007
10068
74720
-52841
-62130
-82889
-69268
-96340
-61136
-26307
-40747
15489
-89116
-61639
-8900
-2062
-51429
-12256
-17654
19990
85780
-34171
48799
27772
59732
-39354
-36945
-92510
-98648
34876
37163
30882
68011
63503
-89482
41398
80605
73122
-96439
41303
73369
-1510
83470
-41694
-44505
-88445
41808
7215
62224
-48208
5885
37119
-42164
-36319
58542
-3664
93813
62295
65767
-9224
35923
-55961
51371
-32931
22382
-11581
45350
53105
43877
45324
7663
25267
-1993
-35700
-7423
77697
40014
33037
72946
-9942
-70679
92270
18514
-53127
-89686
-57305
58819
-53854
-35917
45634
76149
96569
1672
-15591
-56135
-83162
87355
-53607
78952
-59567
36705
-59693
24605
64893
4101
58779
78379
-64235
-96884
40386
82563
-89143
-37089
34375
94686
43640
-80919
47877
-79238
37727
-94571
75225
10848
-46812
-18252
-12260
-78728
-90092
-36291
-63904
-66424
-67187
-24427
42862
-13803
58039
56703
-21700
3397
-17951
-99778
-29488
3908
-55793
64292
-73097
16743
-47053
98777
96291
1352
-6876
71295
68801
-53142
-84794
23759
52350
221
51091
83491
-94506
30739
-36971
-51496
75032
-37408
-98933
76613
-41934
-2969
50833
91784
60124
-89822
-87538
-17584
-19823
32282
-71255
93841
-24790
-46844
-41293
93559
92332
-25720
41413
63146
-82105
-39669
-9377
-57521
-54648
-19900
23108
-39620
33087
14184
-94518
84907
-69391
63393
85596
18443
29256
-82762
-15690
-5922
-16038
45695
-32867
-51215
36442
-40356
-58605
92252
-13755
455
-18870
-32933
-67690
-45857
-95353
993
-76023
-80239
-51707
-12599
44041
57173
-5484
61668
89601
-59766
29228
60725
78963
-29349
-91232
-68329
86903
-21400
2346
-11667
17018
43677
89188
44016
31374
-69425
69903
62568
-65046
2373
-14218
65953
91855
74005
-43796
-67976
-12043
29646
57456
73810
69082
85022
12265
14178
-35794
-6045
30734
88175
-93154
74793
-51902
2115
3650
58248
51944
-90170
15169
14109
9741
-14480
-21019
53462
22598
-45274
-98288
33332
35389
25773
-86069
64486
-74501
91769
55132
-89176
92248
-82573
-13006
-95434
-8707
82899
-71495
42943
73319
13925
-21280
-14638
25457
91553
54108
7157
-70122
-96506
-87793
-2171
-55625
-49871
97704
-93866
-30972
-5186
16344
-2283
14170
49495
11186
-73193
-2123
-22812
65220
34460
-90640
-78094
96826
-49588
-52734
-58639
-96260
61468
-64972
59383
-88442
80414
52829
79621
55946
47915
60805
-73990
-6792
-40767
-75495
23267
19452
-81862
75890
-78115
98039
-41558
95731
-11272
-5348
47326
84519
-78017
36413
14061
91749
61273
-18711
23656
-46548
-93851
-43114
-11384
-65622
89391
-45520
-1486
-21073
78212
93670
-37024
-53012
95505
53877
21993
4406
-38501
-86647
-32525
89860
-28232
831
-66056
419
14109
38833
42416
60409
-78945
81759
-56535
-94141
54261
92441
-86319
63338
85281
-77249
-99502
98515
64351
-1289
83926
77090
-1573
86784
-41450
-36933
32701
73679
91397
-8968
97262
31424
38716
54982
-18145
-32397
44695
74223
65866
-32182
-1861
33784
-51292
13918
97958
-1779
33297
-26950
-28228
50525
50696
-93498
-9549
-10231
-74962
-75059
52363
67239
12410
-6788
-60659
48746
90388
38238
-60420
-26099
-8327
-43622
-45491
-97177
93202
-19588
-59119
-12151
-91666
-20112
85853
72819
92026
-60579
-75840
-78888
-96380
91036
30488
-46985
-99461
-16368
-29117
43182
72109
58720
26510
-55249
45446
72640
-21657
15292
-20836
-69351
-25931
36197
85955
10059
-76234
-36015
21369
5330
5681
82266
-86008
31173
-65381
87022
7611
26764
-35010
45475
2070
21875
-65932
58343
10229
-72210
-69182
-70351
-69894
-51184
-41671
91547
-84436
85683
-58576
47018
-79850
-20709
-63402
-15774
53406
-12916
-92507
-14949
-19838
94523
15169
-36350
-13163
34489
43398
-40822
55701
-19807
62996
87569
90621
-24337
65544
31088
17004
-16241
89383
-55900
12233
-82418
61018
39306
-80240
42830
-50687
-50125
-52506
88797
-31016
58966
-91120
-21767
-8311
-13211
-92519
49536
-78615
-31935
-50131
-37080
-15087
31481
-73166
-94117
56248
-43577
84706
77225
41977
-3564
-73109
-39533
-48076
-44923
95594
-57581
-63835
82312
-9660
-62746
10531
16277
-83543
27674
-91208
-36291
-22475
81818
6217
-63215
41201
24
3128
14870
13243
-15026
-82555
-48432
-12461
-53085
-38919
84294
-88604
-87276
29034
11339
27953
42964
-14290
29319
25311
-9371
-76112
38153
-1486
3383
-78468
23507
-68650
-87884
-14871
-80905
59353
-27298
-3772
40241
25028
-44628
68030
-11800
44395
-26492
-2769
28153
-236
22290
25733
39150
99453
95954
90054
86645
-4148
22897
34310
-62054
43723
70785
-82513
-83947
61696
-58993
-27804
-63216
-82607
-57209
-50509
-73796
-51710
-19010
99321
99568
-6624
73289
-57847
19669
62262
47844
52548
-56591
-79033
75613
4219
-71854
24828
-97279
-92519
-45399
-82554
10949
46958
-55391
-77770
91211
63043
99589
3981
35854
944
-4532
-40731
3692
-24179
98852
-11303
14084
-43687
49835
19762
94706
86921
80393
48997
-2485
-5626
82005
91597
-23378
63532
55683
51417
-64143
235
-52198
-21779
-32591
31079
-54358
43872
6010
-17616
-38425
-39468
41769
-12951
-95672
-67457
77253
41497
14910
5176
30225
68302
4624
-37990
-72623
23767
71519
-6615
-55461
-31730
-99093
63572
-53765
82606
-5206
-43277
30996
-11457
-36079
5798
-7555
48745
-26148
-10689
83624
14115
44565
53753
-9678
-82803
83839
95787
96891
64890
-69533
-6506
99446
87807
-37786
-42955
-53685
-74568
67719
-66930
-40231
-1033
-80855
53709
-4152
12359
59750
-76520
704
-62921
-2174
-74163
70818
34481
-37170
54354
93808
-74874
-48499
-73672
-43433
54296
-13658
-42083
23996
-77466
60601
-83621
30168
-71832
74044
13024
86371
-88386
47898
-49942
-31857
79091
-39701
17684
-69406
34409
-97807
35353
37316
-58062
-78728
85715
53577
-64033
50698
28904
-71068
4716
-47743
-12914
-26662
32849
-44547
32243
33086
74324
6396
-65372
2734
99796
-24036
-51681
-15599
-40830
36026
40267
-66586
76703
-7347
35444
27714
-76719
-34420
-15808
-66506
-48405
-38136
-35951
-29593
7488
-7983
9253
-55003
-30407
36834
-13405
-93981
-77274
-74558
-26178
-26312
14964
11156
36807
-83637
-52711
3391
-77186
-96338
33447
-26683
1064
-9573
96501
73727
-86380
-34477
-18527
-65085
-99855
17884
-98448
-53315
-56552
-80630
-21957
-37315
-67035
-75608
58880
-85163
-57748
-38075
-41440
-68151
62806
-70450
-14519
99218
-30182
2351
-81481
70906
-70901
-19537
-93297
96325
-15766
-26761
34227
4786
13338
-74861
-82076
-35988
-80629
-40383
54731
-31767
-37342
-20613
59827
39714
-94167
-87337
-18179
-48991
80731
49394
-24709
-52548
58175
45404
23107
-83324
97580
8051
29619
11686
11637
94851
20366
78347
-89510
-24817
-56871
58239
-36660
70323
-72925
-64892
58777
-72823
-54581
40078
-69097
57788
-18709
6521
66591
95763
-86989
19094
-16708
-98579
-20257
-37728
-98388
-43137
-52222
-21907
57731
-71773
51215
-30572
-67592
30314
-69246
-80745
-12176
92339
-69038
18724
92546
86285
4463
31568
89862
48620
-89988
80649
96022
-41045
-52329
38702
68198
-57150
-85773
-69769
-56257
18467
-27509
-55703
65627
-42276
68203
61436
68426
-77542
-9776
45579
83960
41427
-81012
-68416
-74317
-94189
-3153
-80636
-29114
57536
-87463
50375
93686
-74393
11463
-87315
33706
-82832
9898
-11153
-6049
31815
36748
-63279
34019
-91173
72939
78581
96081
88805
82892
-43957
-45878
-1949
-37662
-26318
-12517
57219
42000
-96499
-76441
21612
96123
96460
32068
50911
24565
50737
41441
-2961
-79175
-23655
-6594
13379
57946
-12070
53598
60546
99799
-32263
49646
-12562
-76024
-84320
-39088
-36009
-92867
-94303
51636
-25537
25037
66453
-33948
-49678
79393
-38093
69742
28306
73925
-91694
-69916
77835
47998
-12622
25111
-77016
26484
3590
44971
-94118
-67943
-71102
-95903
-99413
196
-32321
-3826
-79254
16065
26477
38614
-6122
17386
-32452
16081
25895
88623
-86078
41792
-20578
-29001
69558
-23620
-91708
22862
-5824
-3852
-79979
66738
12459
-98604
12580
77540
29206
-26747
-20889
-53384
-52647
-94325
-94112
-49961
-30732
32487
-44944
15599
83730
55284
23917
-71839
44907
19871
25036
-52517
-80041
-54972
58414
71132
15815
87793
-45927
66890
29783
-49234
-72870
-48935
-15724
78822
-51976
-12927
-29193
-81374
77040
9827
-64340
-31124
37957
65755
-81601
74125
-32895
57467
-30890
44640
-24734
-75035
72534
96308
54677
-65196
51279
82330
96585
53341
44524
-91022
-57629
25289
92745
-41845
-33315
44713
18541
-49647
-85191
-26606
35108
-99096
55442
-94421
-73774
-11843
-50531
76988
94752
-48857
67623
-28844
-55748
-82032
-99146
-54172
-7483
-94176
71230
-53376
59966
-17088
60721
51125
98100
-47207
-64167
86188
86888
-4149
35122
851
-95313
58275
65050
99981
-29656
51785
1721
86202
-79324
-5080
71881
24730
15699
61972
-41966
-48323
4089
-36451
72675
-4964
-71980
15
-64557
7580
45236
13682
-65511
-36661
78957
-81966
-29617
-15810
-15170
61568
55462
-3918
34000
-60402
26818
21144
-34802
23194
98007
-25656
-83675
-21327
73536
15351
82304
28569
-15462
50051
41485
49511
-88120
-8968
-83506
-7755
-95793
-13730
96849
-52886
61305
48676
-77118
25891
-83743
37491
45338
91270
-31320
85866
82994
7330
-15933
16391
66897
32793
-14517
-86410
-15783
70842
-69187
-67884
9365
-7260
-98650
-47104
98322
-19701
47506
-87646
-84128
-94703
-88513
-61456
14394
67825
-74609
-54344
-34234
97697
-93284
-95356
18247
75271
97071
43384
-19549
-99357
91225
10055
61220
17210
64959
19473
-12387
-93105
-13557
-86000
18318
50740
-11953
-183
70685
-9781
81773
83463
17323
-83583
54127
-2308
76512
-53842
-72681
-45546
-66290
17177
83406
11327
-84124
-37958
40768
-27216
28029
16431
-24491
-37695
60767
80935
-59516
-55244
-38718
990
-4593
-58941
-16300
27488
93184
-64910
-64409
-33027
-97381
62416
29506
-55315
-74762
-45355
63587
96591
11950
-47596
41146
93490
3412
-5298
5889
74107
-35718
82197
67396
-13081
67768
94989
-75528
14205
20198
-48335
22354
-60309
34187
19892
-83664
82419
94993
-76269
96493
77079
17344
74095
-42982
98339
-35969
77039
63108
19577
88539
71084
5998
-58469
26656
-78782
-84109
-44591
43529
-92226
-97985
21962
2883
-53225
-29194
25269
8195
90377
-80958
19742
-63075
-51937
-3902
18938
80208
86973
72237
9087
12967
1260
65148
66174
6163
-81202
-33368
29077
-55522
-6720
45876
92636
55442
86993
71808
-38089
3076
-33705
-71774
-81852
11201
24988
-16085
-87108
63400
90788
74087
-7581
52976
-88473
88419
9030
-71547
81176
-9858
-52230
68493
-77367
23417
-67480
-68863
69422
17416
47525
-99701
-62755
-34510
-27120
60252
70759
-96475
-81735
58277
94798
86336
17196
90715
-77346
15999
-93677
-75426
90914
-15628
-21228
1692
81335
-36313
18896
-93846
-93813
70483
78598
7525
-89058
-76701
-45796
6018
11139
-76284
-20898
62301
79452
60478
40314
-44627
-77374
-31723
69710
18145
76202
-12590
-86372
-4931
-96870
-55674
-51250
-60862
-19893
15532
-46377
27241
33630
-10261
-61607
-24797
-16452
-38946
95225
80213
-37606
18014
-13418
-77325
43489
-7036
84016
-505
-71000
26178
49338
93145
19018
32636
-69184
44119
38293
-10464
-85047
-16171
61325
-89847
30900
-89249
-49282
-61386
-16221
12607
-71806
50273
-99230
-77412
69060
50872
4551
-5731
99884
-54723
-48276
-72782
-37364
-76890
-37998
72233
74854
-8295
-42043
21208
-43328
48105
-42264
-83527
98900
12505
-27969
28410
-6587
-61699
-62209
64942
38786
-93081
80741
-40916
-21741
-17603
-65265
-9128
41847
50917
-11427
-28182
39065
-23089
67589
-46468
-34514
-81687
-96676
64235
-56814
-24532
-51834
-58156
19614
81604
11329
-4162
73681
-76973
-13245
16574
35311
-53783
-41352
51731
43614
-32613
39648
67882
-17525
99725
67173
-25688
16699
-48410
3347
-77776
94607
39309
-90938
18080
76076
-59843
24790
41766
-29232
29962
43468
-94743
-90112
55901
-5305
62707
56450
51135
70037
-57342
7679
53360
98193
-64851
87066
-76993
17366
40599
12912
-90743
87802
-64263
-57153
-44550
91261
-61729
41893
12890
-49861
-57983
-84365
91873
54133
39194
6297
91578
-78952
-29115
-53343
-81685
71048
58910
-18602
20157
12675
-22819
-16855
1179
51693
-7747
42636
-89609
-56614
48958
-7804
-43673
-27573
-26401
76334
73856
80648
-45574
-42189
50667
8639
91284
-25945
-71920
55836
13166
72047
29093
91276
98712
86565
23317
58095
40934
-91515
-80218
46801
64655
80022
71346
55549
87505
-11146
39345
-52349
43442
-5074
-24527
-16599
52641
61735
75360
-96143
83512
-79668
80346
75844
-36661
-90241
10099
-10828
48444
-45262
-70661
-16674
-47544
77063
-33016
7876
-57890
-18416
-18432
-39551
-66030
-93872
-42702
-23166
-86176
1197
65376
57710
-74139
-80673
50200
80107
28040
-70678
-17092
9927
96930
-5007
76183
-65228
69681
-5982
49198
-75802
-18345
15941
-14448
82218
40277
36977
-31306
33936
15873
78196
4452
58934
-23508
-29471
-34128
54141
-79051
-12545
-41367
70551
-56816
-77252
-16519
24304
96782
3514
-38848
-67048
68548
16584
14381
-88213
-18278
34541
70114
41900
-11635
66829
-69015
-53921
22264
84999
-60938
9278
-67940
60860
-48873
24181
-31442
-35806
83763
92358
23586
-73811
-86538
-86059
47995
-73951
33080
38548
-35459
4183
-34940
-16550
74659
-66862
29243
94810
-5382
39833
-80643
-23774
28664
-58796
52471
96327
20749
-61691
-93655
-51358
-14505
72902
55082
-8241
48091
33385
9120
-85321
27051
-21359
1772
66455
11287
-21790
88432
-87616
-97403
-53416
29550
49333
-42640
12626
-63591
51835
22259
-85208
74933
-68609
6784
-49081
-75801
55936
-42686
83753
78807
-62755
78526
-21610
92742
39171
15741
-16887
86216
-74255
59780
11786
98520
-22077
91559
53819
-43489
77293
-94586
-56677
-76991
4796
55712
-59716
16860
-4461
75468
28706
-84336
32747
-53251
-82158
28171
-64221
30125
13288
-29751
61165
-94020
61726
-8078
-73789
-24658
-15626
-51819
-89238
-44061
-51590
-80160
35096
40299
12156
72774
-866
77162
15577
87812
-21095
-65466
-38799
51007
80539
16303
66187
-18923
-46185
-57054
-49778
34648
3338
60836
-17294
3440
40575
2147
78436
-82962
490
-91920
-99013
21876
-46755
-39056
-44484
-3638
-52178
-33940
-64315
85086
49399
72245
91433
10614
-95532
54405
-99852
58255
75557
-9219
40121
-36105
-12086
-54333
87322
90816
-98829
-607
69733
-40092
-10833
37204
98395
-85371
43058
83097
53936
60768
-36726
-1897
-52717
77256
-57118
-4555
89659
42682
22028
-1733
-65001
44453
-52995
42706
-15143
78765
49557
-10604
15136
98302
10021
60021
39678
23607
65424
40987
86871
51203
-70529
45823
-22980
-62065
13664
-16648
-72989
47453
30865
63355
-97963
42921
-26271
92422
-34356
31152
59285
8191
42306
-74209
663
83003
-41312
46264
-6293
95242
-79668
6021
30462
28311
88421
86370
-47046
-86818
11418
68577
-82803
1050
-61209
67034
-37912
60307
-47282
30465
92520
89821
87684
18514
67628
83209
31404
-94490
18955
-34141
87489
53556
-18941
7172
88259
74417
42534
-51445
-37004
-80596
-1237
-77499
6525
80181
-45106
12655
93673
-54062
18301
-29188
-99909
-3820
63318
76959
15404
-51520
96455
-53018
25071
-60547
-99390
54837
-92499
88550
82849
2480
-39836
-27627
18368
78887
44355
77934
52015
46553
-56285
54874
43099
71103
11945
-8825
-9193
54579
96628
-64957
-30604
19258
64335
30779
77127
-71390
-15879
-94519
75706
-43254
58809
-93807
43383
8558
42444
73270
59176
-48194
-6132
6355
-75833
-37906
74950
67428
-66921
-47938
43485
40984
81025
33706
53465
-82273
-60494
36846
-21358
-15390
-10286
-79235
39539
-44096
-48520
1224
69017
87127
60974
-23962
-51909
74058
24242
-49727
-80565
54739
-61787
-64920
97587
-72964
-92404
77631
-82269
75458
4388
-73284
10108
23745
-5228
76514
55944
12762
80232
53173
-35099
-69449
-88946
42284
-89068
99820
43064
-56930
63458
98882
5521
72209
14619
74586
-27374
1339
-82702
-55801
-10884
-48858
33890
-9540
-59469
48904
-88042
-16838
96825
-69217
-44536
-70107
59898
16415
78887
-59790
-80508
99576
58740
-60322
59605
-30288
-18132
-41590
-62815
-24752
-17153
16856
92897
31045
-55112
29960
89029
92994
60287
47748
21486
14976
76704
-58868
21025
-71913
-31318
-16273
20088
84785
2248
-15261
57200
5988
88724
-62979
79717
53377
-1770
-18942
-40659
6060
-3427
-86456
519
44573
49096
92152
-71732
-37945
-22509
-28086
21614
13319
64501
-646
-8558
38433
22406
-93636
-29686
-4958
-58897
-86774
-26926
-18919
99489
-74725
-44816
-84646
-62404
98645
99968
24830
-66387
-4803
-43805
-33914
-77725
44009
-69152
-43199
-18556
52664
30107
55227
52734
51999
-40876
-55666
-33349
-29586
-68587
74554
22119
70986
-74755
55898
-83763
-76605
-6431
11462
-97080
-7949
-55538
12819
29481
-21685
-24352
45221
-65547
-47691
-34788
-36945
-61260
89364
-84392
-26774
-14312
-45472
60889
73053
32902
-2202
-8493
41595
61368
19174
85868
47902
12245
30649
-6644
68939
-8270
-66167
87710
65455
-32604
-99158
-69965
-78447
-39710
-96283
-75629
94870
-44393
-92008
-49390
-52239
-10706
75541
-30011
-20557
-68399
-90976
84753
28663
36746
-17194
70984
-78493
-38752
-84899
65170
66198
-8265
-77262
-97635
-39612
62255
-45620
-64304
-42329
-92950
39986
62204
-85334
-92932
8470
6196
-61063
90440
14967
98199
81973
39539
-29531
-99529
-64302
-26219
44826
-6338
98191
81952
7141
-60684
64432
-27572
-16963
-39469
35661
-33658
21961
-18861
66697
78273
-20728
-80108
38941
-27978
-80407
75176
37513
-54880
79980
-29217
84064
-85961
46961
-13038
7833
-11831
-4383
-98797
7404
66106
-3441
-85396
17727
31335
76247
-60233
-86308
-33783
85953
-76116
93947
76937
97398
10087
45480
-91765
12948
1520
53101
19028
95838
54915
5291
99594
-93737
30752
28090
-36002
502
90563
1252
-34685
84833
-95389
-80903
22817
68826
-27633
45293
4372
-43289
44031
-3637
83558
21555
38538
31972
-51082
16821
-72984
-37121
79739
16981
-1563
89319
62811
71157
-90
-83079
11985
-32772
61494
-36381
2383
90794
69555
29846
-66798
96039
-98259
-15479
89518
6572
18314
-85696
60119
82235
93062
70080
25580
-46848
-30409
-11093
88191
31556
94731
-16555
-39942
-9747
-92150
-73589
-21938
85862
-77882
-40460
-10984
80125
-19471
-88830
-43089
69401
71698
-35914
63590
-2760
-74687
-52582
19047
20580
13519
39989
-55395
-16387
15777
32156
-40762
-53829
6561
14126
69125
-86641
-56522
-62966
-62425
75781
-15421
79265
-91181
40667
-70162
-60912
-52967
-40460
-67806
-94083
79865
23891
-15415
63915
49927
-16398
83077
-10716
-64830
31103
-27302
-59298
17168
-15392
54216
78435
-58841
-58711
-51066
42248
14761
-42034
-59761
68375
96002
-95191
48181
69712
-23975
-62451
-91898
82633
-29024
-96410
-60923
-88630
56843
76101
-36756
-81606
-22295
15188
-61221
85532
-60453
-97803
-389
-79404
-32974
77434
-82178
-28174
35921
-23066
81672
9335
-39338
-84566
-48843
-45819
-55755
-54040
78391
-25310
-98276
7484
3877
42457
-38719
90569
10440
27063
80450
2225
23316
-47209
83629
4264
-73165
24947
-95574
39069
-87555
78976
15236
49985
-36084
73119
38872
-59533
38237
-27205
-86178
36052
85899
51351
43414
31000
89649
-90466
-26842
82390
-55282
-39959
69653
66102
-43318
6684
-1200
-33663
-73487
12994
18433
-3449
19775
-77340
33248
-68833
-34271
73162
-37971
21092
58757
-38414
74152
40573
69666
-90142
88941
21477
-2033
92424
-31608
-35438
37709
76841
87914
-16826
534
42722
2614
85009
-56066
33594
-24808
-27042
86903
-23747
17873
-68080
70329
49404
26429
-39782
32652
47983
-43730
2210
4606
93359
98282
-22781
-82352
-51817
67274
72257
12242
71633
52751
65158
-37431
-8113
-927
77871
81146
85562
17395
63792
86630
21993
20352
-69404
89414
69316
33993
11982
70154
40153
93546
93399
39907
-10422
31799
-25108
43894
90003
-94279
-57135
-37052
76906
-4066
-55804
19138
-85092
9057
-97016
40524
-75174
34703
-36781
17982
7989
-73619
-94732
-81644
2336
57819
98551
92996
-55802
73514
25538
-57519
-9485
-62005
11086
-44869
12698
-25848
23850
73079
-89815
-72876
183
14054
-43203
88385
34789
32939
3741
-57767
-56242
43949
-79327
-47173
-31447
42251
64183
91499
-13789
95134
88681
-77381
92865
-68412
-89388
28622
-1923
23032
-23842
82658
72521
-94233
72402
-79958
-49622
88307
-52807
35450
-76963
-43984
-59216
35042
-67611
4164
-23018
39368
57909
-76257
89004
-33437
-59335
85225
-97932
-63709
-42144
-17460
18843
-20165
39322
27340
-21830
71004
28471
63116
34604
11044
-78709
29984
11616
85473
6437
-38476
51748
19284
-6452
-29144
26924
54576
90442
59478
-57943
-35653
-91843
-70383
69679
13039
-60826
-79455
4746
34125
3433
46891
-21364
8524
18395
-92184
86949
-82297
40836
-65119
67007
65748
-29921
34683
84261
52755
-44387
32414
7046
73620
85102
-42709
-83589
41781
-87433
-18576
-67117
-98257
-42437
-48223
-19363
40731
-89437
95202
24297
-30598
-60587
-14184
32513
-57566
91985
32399
87139
46848
-61200
7593
-76331
-51795
-36753
99987
87805
99805
-19715
21505
-53366
-87893
16274
44004
-43060
-97155
42014
5811
22311
95295
-5511
-71031
41555
98901
92762
-65244
-69545
-89681
62883
2824
75138
96862
99692
44380
72344
61985
34540
37882
26775
51646
71975
76974
77402
16513
65596
-92620
32487
55386
-37740
72271
54310
-28342
46459
30989
91319
-38174
41541
29667
28309
-37127
54697
15395
54462
35883
-23013
-17774
-55550
-66682
-99567
58497
-34354
65654
97165
-86387
76670
-12378
-32891
-77634
-85506
-49400
-51900
-8129
-35711
-44559
-53866
30813
36764
-94553
38828
-66550
-71047
34587
-28527
2045
99129
53042
95058
-26537
23719
-64033
-92327
6663
-76822
-13284
-13075
-96900
-14189
-21921
71569
-73664
-29134
63246
-75580
-26188
13349
-62390
55060
576
-21556
2906
-40132
46112
12509
23910
-41895
25578
1668
-65586
-47446
-64019
-83806
83593
15724
-51493
50930
-12659
37444
-2412
-54050
-75936
2120
65459
50241
-50475
42677
-31886
39513
91104
15967
19445
40518
-16272
-19184
28906
33190
51574
58803
86087
-37406
-53628
48440
-2152
-20093
17623
68821
18809
13302
-29062
22073
-70317
83281
68795
11888
-31423
53381
88274
-60290
-77773
-26625
-38132
47501
-42939
-12362
-64790
-86546
-52504
-4618
29041
-12277
86592
-46463
-32713
87522
-66960
-65419
57158
-48135
57472
78204
62961
-27521
43579
18449
38202
34976
-66520
70855
-8211
89988
77424
12218
72551
-12937
-95704
-4524
41028
69257
-91982
-19135
77328
598
61220
17355
-77714
-39596
-79014
59918
92686
99462
74107
-85179
57240
-94100
-73583
-13191
7972
83558
98252
38967
-65883
-65707
97315
-25869
25204
17958
-91399
-66050
52753
8785
-83842
83627
-81757
-90076
52763
-61398
5589
36113
-28833
72633
82043
-22638
13595
-57494
22045
220
-20826
52605
-48626
-77841
59957
14673
84665
-10558
7777
-5834
43211
-61440
55403
1548
-18625
-37783
-66516
33552
-62225
-95052
50710
-50272
20061
-84783
-39352
80211
74248
69991
-19330
-70437
-58631
-52976
-93241
-21398
26568
-22342
-60857
9724
88128
31646
83455
-92699
60296
-87257
-50742
-27413
73631
-53674
-18910
44641
15797
271
12104
77479
72973
98646
-64889
97909
-76784
-74565
76400
-36102
-86107
72019
-94913
-33148
-79900
97114
-40442
23560
-25701
-18077
-46253
-53361
96889
70195
38306
-36284
13376
-77764
-20799
-96480
4141
18865
89712
-35453
-60139
9172
60819
-97727
-84380
-32726
68814
93846
36292
43516
-712
71608
67656
-70329
-28130
1511
50935
83401
-64605
91926
-31617
-62651
87317
32043
-51924
-3052
76147
-85647
17579
-59566
9826
43834
51429
-39513
-33825
62580
-75903
-97907
-75417
19318
-17024
99182
65220
-18888
11730
-1181
90099
-78141
54550
-64939
61010
32564
-47867
7835
86440
-42672
-41984
86924
38341
-68335
1004
33802
-57532
19314
-30194
45001
-63799
-23380
-91460
1196
67498
73893
50897
15794
-34360
-52538
60334
94408
10291
-80892
-57480
-62582
65819
20945
17225
49343
-8405
62916
-54456
-86463
-97710
38940
89272
-88416
6787
-74622
-43796
79628
40935
35314
92586
-76181
-45303
-53141
-99189
-6304
24887
-11339
-52029
-68750
1361
-67435
-49263
174
42027
25837
-60424
-93510
-49806
20706
8627
23614
-99217
1158
80207
-40188
-37982
-10023
86688
-26406
34216
-1270
-9021
36293
-49144
29349
83625
19489
-67864
77718
-98561
30256
64784
-48875
53038
33460
43282
80917
38031
-4462
51147
-14512
65275
53243
-8139
95825
-82525
90313
-63320
-49336
92216
-713
-51080
56932
61018
-11822
-16098
59417
58085
-65225
-67966
72296
-39960
86894
-27976
69446
80635
-19421
-52860
91302
-45721
-27445
55380
25252
86316
-42065
40687
49049
99801
-27138
19785
-60985
10624
94741
25612
87994
4333
-15652
9579
-95871
90301
-71025
30243
94196
22127
1701
-76533
-87004
-93396
65173
24085
86416
-58129
-46771
79536
18039
-73077
17703
-86904
15920
22569
32136
67005
99445
-99904
-23997
34359
5439
63383
-20655
-67523
-80925
-14129
-96730
38229
-78222
14452
-29736
74958
83591
-29612
-28176
8091
-66673
-19712
75178
43442
-6860
-84144
-7729
-14438
70537
33125
59095
-91416
-44350
99725
3171
77833
19820
-27626
-49530
54407
15002
-40471
-90776
-41427
-10289
-88642
-42737
39772
62916
-83553
-39435
58061
43297
81689
22576
64689
-64707
-94799
-44967
72648
92703
10853
66159
-85001
-53082
-99525
-4963
60448
28662
-42968
99734
86057
66451
-49949
47444
-28468
-63166
35271
69508
-2567
59080
-25019
-90753
-16694
22343
43478
-47969
-16927
-44242
40370
78633
-9329
-8384
51321
-75073
-91838
10754
32572
-74508
-44743
82598
2994
24170
-98315
88260
39767
59581
14757
-94862
44493
-81934
76196
-26061
-84494
6283
80440
1062
-90533
-10153
94923
-34639
13394
-50581
36035
50299
-96901
47686
-69369
-30189
9886
33372
-52456
13817
73303
-41193
-18321
-41370
-40637
-16540
-89359
-70847
-10858
-89700
-81435
-58702
72135
-91547
-59360
6724
77884
32344
-98164
7100
83550
15833
9133
21685
72145
-58931
50987
62387
52251
92037
30809
-42115
-80940
5180
-1364
97913
36491
-75656
-74727
30380
28061
80850
-42045
87137
-88661
-44323
13606
-65897
20260
38549
-30944
9697
54710
-80441
-15661
41661
72274
-60780
16073
62009
27323
89317
-37484
-1107
-61020
-22636
-55533
-68582
46401
38131
39562
4634
6269
-13802
-89708
-90171
-54684
-66623
-55550
-2943
-67266
55840
-716
-61585
-69097
95806
-33689
86676
-62332
45537
8288
-75120
83783
-14792
-91808
-22132
-17067
16308
-66797
-13573
61802
86939
-66475
-25280
-30649
99204
40036
-54794
70905
-52498
-40555
11276
15442
1263
14085
35220
61251
-79841
-31662
58931
-62855
99275
-54089
-36343
4332
-89188
52362
94882
4398
25223
-17729
-29297
-23067
55720
-92452
-45516
-55055
-5701
-69741
39420
79395
11197
86434
60532
-7823
29932
49474
-54228
-86482
73934
-58950
15119
1582
-10063
2941
-50942
19157
-36514
-38886
-93671
53910
77349
-39898
74056
-70434
39490
-43729
-12192
-60327
27589
-50311
85383
51660
44881
4898
-7410
29777
-63392
22883
-13053
41824
24686
56836
-60272
73658
-42457
-75910
-21155
-39574
-44840
96342
62212
-36617
70056
35773
20522
-77204
-37785
20993
65581
-24691
38505
-15692
83501
-54572
42676
-76421
-85667
-78419
-98675
-71485
5469
-93739
10805
86660
76064
-13608
-47642
78300
-39818
92489
17099
-44476
81659
58567
-81038
99012
-43226
-83080
-62526
41803
-7212
-62639
-90095
54767
66975
-49090
-81951
90796
-49559
-69132
16022
36951
17578
-27214
-53662
65234
74217
3264
61200
24374
62917
-42006
96578
52281
40584
19059
50513
34146
-53679
3126
-36471
36800
-76785
40087
-49760
-78095
5047
30496
76314
52317
79284
-44920
-78183
-31015
-92833
19898
-56189
-36968
-33343
57794
16062
6513
52590
-72415
85699
-13707
63157
51503
-88988
-8243
-24119
-91469
-88664
51451
91843
13819
37950
23167
52364
-41071
2557
-72747
14641
42676
-62842
-97672
-84435
-78430
96512
88669
-68102
-34974
39660
-83600
80920
-33955
-60667
91201
-35106
-13409
11638
-15860
54668
52920
-73025
30713
45748
-54317
-73340
21407
-25238
23502
34133
35560
34497
74304
75350
-33032
-15253
47630
-38693
90033
-57512
39350
12256
-18348
-58157
31583
55064
-9908
-3190
-5476
-44061
47595
49605
59859
15070
85363
-64489
-86002
64036
-47562
1652
-57778
79739
31629
10611
54351
-86028
66540
24321
72472
39685
-62580
21333
29019
-33662
91462
-88372
37425
92402
-1165
-59356
-3552
90920
16117
-4747
-82793
62512
31458
46349
-97582
-60521
32578
64473
77411
-5568
-76297
86947
-5352
25573
-44286
17789
-70616
-87301
-82921
64381
55486
-22496
968
17581
-92681
85900
55239
-42188
75109
99112
8752
-5662
-2369
-93568
-54224
-58835
4462
62995
1637
-9658
49069
92635
-86709
-65459
-48666
-54186
75758
-51736
-59211
9611
31560
14917
17802
64183
91855
-73254
59138
11702
-32026
89219
-25622
81541
-85334
-24215
-42169
42464
21227
49421
-71
8088
-72064
29624
-92548
-99634
78376
94754
26024
47715
63306
-44648
-621
5626
47427
8257
-81207
-66283
-47577
-52708
30011
21169
85458
58615
83084
26770
95711
33722
89183
-66759
-73153
-17171
-45124
63024
-22375
-3591
86192
74317
-50965
28558
90269
15620
-36857
-37845
-6441
-3391
-81603
-4821
88683
-26264
-68913
-32666
32326
71220
-58762
57991
-25470
-88411
-49030
-78285
-1258
51846
37904
75630
29422
24103
23745
-40875
-21579
-60596
63052
36506
-51750
38929
-66589
-97994
-85327
1629
-75294
29897
-92269
-24551
65822
-50538
6718
-61286
87951
12198
-48145
98153
-27252
-56324
96089
-19311
-73986
-27323
-31138
64140
81372
-7338
15445
-65573
40269
34601
67314
-8099
194
-50966
76862
-1059
-20724
-29042
11643
91092
21960
-91923
-83710
95363
5472
-93387
-46388
-76221
-86853
29870
-15804
-94425
-53799
44661
-24214
-19066
-45846
81138
-63445
19502
59721
98566
-7694
-83513
39159
26919
37445
4726
-96720
49724
-90622
86329
-1151
-33567
-46980
82105
-66631
80639
-34535
-11766
-36912
-96237
43500
99918
27775
9609
4725
-41603
-53088
-3402
37820
-19061
-38162
66046
-46431
-15584
39507
46532
-29274
34155
56378
98872
5781
-78480
-8287
60555
-96109
-85363
-63991
-55286
-83842
53388
45475
14749
-98750
-52086
31524
92910
-21418
-69022
70666
74184
-23413
-17006
-46583
2391
-4779
-5794
84117
83571
-89614
-19887
46184
-22418
15339
-17173
-34357
-13337
-65499
24912
32231
-26432
-53083
-50262
86856
-91457
-96335
25205
17559
-74207
69095
75933
-62494
-72184
-37458
-48762
19208
-84731
-25980
-72827
70691
41505
15943
14261
45099
-20230
-3025
-87392
40488
3829
92924
-34633
-62084
7551
32996
51771
40744
83944
5556
-92618
20720
-85037
-63942
-16181
93229
-77947
-32717
-97487
66870
80698
-82481
-13278
58990
-29013
40470
-59791
17752
83086
40205
98262
68411
-67969
57861
78534
-35734
37757
16624
-48938
79765
-14984
35381
-51644
-21323
-63480
13855
-27467
77265
93846
-76522
-97002
69704
-74234
-36293
-33498
45147
95838
-69278
-35322
-23448
-84873
4725
-64501
56225
65692
13663
-2761
-79617
14215
72094
-42029
-41273
54298
40064
38241
80514
-32124
2329
11748
8457
35035
45328
-69173
75410
-65097
-96049
-62196
48653
55486
-82353
-36390
59784
43437
72913
74685
-65642
-83707
31386
-27591
22678
71006
-55218
-53108
-57025
-86149
-20590
82984
35064
-63891
28258
-69899
59207
58678
14563
66549
73362
-96748
-30772
-6580
-58145
9950
28910
58378
90440
-56253
-13365
44599
51594
5407
88099
70505
-42545
13934
-68311
94399
6390
10364
22329
-49912
-29099
-53671
-6065
20135
78695
74442
33542
-3238
-3196
20147
-50725
-82700
65045
23548
79142
-61393
4183
-46734
-5825
29924
-59530
61493
-43686
-27284
-32465
-29026
1463
71333
-29611
79235
49842
-96292
-14320
-5150
-66410
27269
56386
-13683
44694
-71366
-30142
42986
-26250
-95882
98996
-11913
-52460
90034
47686
47026
8545
46908
33323
34695
9115
68598
-82628
80959
-10876
-94994
-74798
79810
-74002
28831
27899
-96134
-31457
44347
95656
7519
-30568
64665
17060
-56751
47088
54257
-83499
-49100
9136
-88752
-56203
-89839
-9621
60593
-80193
65795
-98010
-26763
21693
53887
-11513
97867
40780
-94457
-42654
23855
-51471
74143
-39155
11000
84370
72877
-81024
-26089
-78990
-26475
94968
-69187
-10392
72968
224
-1734
-50868
-94864
18654
-83060
73579
96442
80736
50258
-72660
41388
54231
-8020
-9401
1246
98002
-60301
-54205
-85121
-85985
22875
-19088
-1704
-34066
-71969
-24553
-13542
-13235
-46657
54305
78953
48631
25314
-7
31618
55329
-9322
3499
89767
23302
29750
55566
40574
67740
1107
82063
59587
-70853
85293
-99122
-21353
-99417
-79893
-63588
-68376
-95503
82123
11507
99736
85823
19678
-68564
-42864
-12755
56753
-96379
-27814
45973
69846
-75905
-37877
-7749
32534
98056
79956
1700
-50121
69170
75818
-47816
-45452
26229
92053
33970
95290
83060
30089
-11911
-82913
-51735
78829
-30382
-83143
40498
97533
60223
-87591
-79917
61826
57046
72499
47545
-29718
37107
8856
71143
45056
81143
-71342
-19369
-84349
-61639
81701
-70640
-78967
43642
45986
-74814
62053
-45127
-31673
-90369
81494
-59960
-9937
49422
-81603
-48019
57737
94784
-62812
84868
62899
-91701
-31762
5545
-66717
-34792
-494
-70968
99029
46974
-54319
64970
-99555
-18811
56961
18618
59670
-88121
25210
-59905
70641
84257
5551
-33657
14302
-85054
62085
-50921
63322
53506
48351
-19232
68972
-37589
-59768
24227
-73055
82978
60820
-4318
78802
-1466
-10876
92820
-60973
58290
18921
90988
97379
85796
-73433
-81703
38814
-12766
-73939
56166
42567
99989
55460
42643
99595
-42277
13908
-76147
-26553
-97457
62609
-4443
11406
-38678
-45630
91181
40164
36096
28635
-46942
68740
11485
-22237
38153
60929
48676
11780
34900
55808
524
73482
-78969
-61695
1880
-86122
5694
-67451
-55806
49702
72730
77122
-46504
-65937
-12111
45092
27522
4613
52251
45547
12943
-41499
19848
-52884
-19739
-4639
-47835
-30777
58269
95511
-19945
64234
81727
-45114
37504
-55937
-13559
-98165
74283
-7881
56462
39833
81805
-28218
15063
4081
-5946
-73210
-2986
62745
-9854
-33953
21197
-636
69334
6177
5673
-9317
64754
22935
54095
16094
-81278
85689
-7378
23777
39752
77252
2030
-97988
45093
26629
82947
2382
-80895
23984
39584
7742
1048
36873
97263
56899
-60227
18313
-28177
97495
-95787
-65899
29296
-13354
-9672
14750
90573
98532
-55993
23365
-38134
-22503
-42572
32980
87042
62515
-35313
29399
-25986
71303
-58437
31243
-65194
-98500
-72179
85362
-50443
31716
33673
-87675
40742
88895
96007
-91965
73726
-75712
-5945
72020
30123
29428
-68211
-97100
-42936
-62569
-36326
-72854
23463
-25484
71123
60292
44111
-86987
-84646
-7584
-24652
-93417
-4794
-71155
-40558
-25514
-5315
-58822
-31683
10459
-42541
-50327
13702
60003
-70964
-87944
66927
14160
79134
-39444
-77837
-89538
-70031
52445
83333
56726
-66646
-3382
24782
-10172
30940
94007
13931
-96468
-37561
19049
79053
65850
70420
32172
-22136
68121
-37705
-29257
39633
4011
-86003
91633
-73120
32567
80442
87624
-99854
-31840
94624
68035
-97426
49973
-99811
-6841
59722
82865
-66981
-95149
-5904
14319
91020
73426
60310
-25700
20637
-8969
56926
46266
17361
19212
-98879
82666
44137
-14679
40949
-69195
90656
-59634
-30831
-7711
-17300
88218
18839
71566
-93994
93326
69698
62818
84947
5475
41951
-40588
-22318
14355
-55142
-99186
-14132
-6008
22607
-18827
-28510
73121
-87221
-22060
-12189
-48065
58553
88175
49268
44678
38675
37292
-25732
-63609
-18220
-96203
56942
47163
-72672
34141
-45877
-53186
37112
44970
77249
-49375
18522
33856
24167
-24691
47909
38791
56
-37755
-61501
-79912
15361
-66862
54341
-26205
64799
-24100
-19047
9466
53668
13983
-720
-8406
-49990
-44075
20506
95179
-42834
66411
7733
-79085
-64403
-57041
-42049
57796
84053
7456
24289
-87768
93072
-47200
-12346
74003
52994
-85939
15244
82282
-29314
76647
60696
-1946
-45515
-13168
80110
66205
15758
-48157
-12327
24638
-55949
-60203
6278
-30856
64405
-37289
-6798
-25993
11626
93191
73318
-36155
-7340
-81766
-13786
55904
-21541
-90249
95352
49409
21680
-27176
-96998
29354
12618
-78055
-37823
73993
-46674
-22602
-58505
-46394
3520
44794
80732
69188
-56247
-2863
-56041
-23128
-95735
-64888
-21418
-22350
-78849
73288
-34159
93362
16195
37946
-75271
8052
37569
68661
38375
18066
360
72620
-46063
-75817
72604
-91382
-63693
29237
23171
-9901
-86077
21355
24965
-43555
33792
38917
23578
-43401
-97074
-89981
-33340
93135
-42449
-268
-97120
-89922
-15186
-86042
89962
89071
33264
92549
30092
92170
51994
-6157
-44890
16380
21126
20457
-50940
-68508
44365
-19236
61809
79838
-84754
65836
-14954
78440
2139
13255
36486
-81650
24347
67833
60802
41780
67607
-1086
84488
-38484
-91019
34250
-91116
94984
-11911
65523
63490
-28757
19012
-68998
75906
94101
-10381
54147
4992
-7579
-86566
12235
40087
49659
64198
-19815
-90979
-95584
-71454
-44735
-12298
-44237
-20842
-4742
80488
392
70721
17155
10796
57100
-33555
-62478
-55834
-78057
-51310
-58671
-71545
-45845
24096
-88906
-73729
36315
-86564
11328
-12787
-67507
-7165
-21370
-90292
-77113
-24940
34807
-12360
63239
26122
-50455
-67022
91664
69781
55827
19315
66127
28729
-80969
-10755
-29893
-15335
-25429
-69047
-83792
58887
64918
60802
-94202
-3213
-78393
52581
-93361
-47383
-64251
93548
19265
-16482
-88885
61075
-94482
86825
85536
-52485
60061
54597
-43011
49282
74198
-86072
17602
-82858
59386
-73053
-22826
90011
-73718
32715
40845
26934
-77806
-34672
35237
-11505
-14380
29719
53018
90692
39719
-2114
-90641
54966
-531
96804
65964
-46445
-22252
-62482
-88113
-45600
-33343
10658
-94342
77770
-65283
55345
-99446
89377
36170
-66962
-85388
4259
-45894
95179
-44125
-34408
-6813
53962
-6653
44391
-61910
51497
-37953
76916
53323
4954
52001
31223
18603
-30100
72174
40541
-21197
70706
82179
-20750
-95118
91843
-76494
-98559
49998
14354
-99085
-91138
44189
-87272
-67604
-70922
-29684
-43709
73026
-73532
-8032
-71692
-96278
25005
12610
27143
-70
-60401
53483
-13659
-86610
14270
-19236
-17902
79195
7286
-95952
4268
-79053
-10650
-51214
18263
-33064
39200
89882
-89870
15169
-56943
28574
-29928
88350
-57394
-51825
-36098
-98903
-11718
13201
71748
-81898
75392
54883
90166
-19502
20215
36023
25942
-88437
55644
43685
98798
67084
-31902
3343
-85163
-77955
43763
-26505
39266
-78051
-1585
8763
64505
12848
-45868
-78110
33561
-95796
48990
-63399
-33063
-56657
-98768
-64262
73852
40714
-55994
-47377
45934
27783
-24322
46262
-90817
38842
93245
-94857
647
96165
-78610
-44680
75344
68079
-52471
-89523
-80409
-84919
45862
17056
-34582
-13612
-52648
-64351
53792
74877
44592
27994
57435
-39823
-31360
-31723
51036
12929
-42812
67045
-86431
10933
74931
-25065
-52528
98315
2092
-79806
37441
58705
-62539
-69990
-7028
74089
-35416
96404
-81584
-14153
-37187
54625
-92733
107
-62285
-80583
89689
-52569
-23349
23086
11309
2238
17933
76142
-30964
70929
83533
-49185
-12580
50413
82049
-53201
8818
-518
-38604
-64040
-84350
61223
67658
15015
-3021
81584
-34364
99753
-50946
40675
17823
25309
97414
55386
-26677
2620
66674
58496
29057
-48820
23859
-69726
96351
79885
97323
86604
-8230
-65015
-64315
75893
-23628
-69045
61111
-49697
-43059
55671
-98637
-48110
64733
63874
-25880
7114
29813
19736
4597
27861
42276
42044
-1323
20555
-4017
71517
-74280
75569
-48637
-2530
-6504
-20052
60723
-79595
25738
26462
64340
21434
-17955
54112
-78927
-68987
70943
-62858
-18202
-37988
90144
84658
64939
-92480
9302
4579
91707
-80435
98503
-88913
38279
20526
72202
-87010
-35204
-61243
-73756
-47351
-32490
19285
6175
59309
90668
-70011
-65074
46459
-8836
-5411
76846
-95885
95587
34773
39504
-7305
35695
22547
56232
76046
15557
76507
-95436
42835
68021
-26264
99998
48705
18813
62079
-12467
-91188
19184
33192
-51441
-85275
-79119
97321
34712
75890
-93896
-60267
-45405
-52506
-17368
62903
60232
-22080
-7056
63296
16915
54391
-53925
-99102
52787
23832
-87052
54287
-53953
-2677
41850
83346
99423
-32794
-38577
-59366
-76713
86527
-56008
96328
20412
-40345
678
85030
77261
50663
92422
36003
-48711
-69747
32201
12670
45316
-15820
-4260
-74245
46612
34787
-53274
83589
-88557
-11603
-93048
-95379
-24072
59592
60378
47677
-55038
16798
-9509
91554
31580
41206
9349
60039
-22790
68725
55696
40757
-54323
-31107
97352
41386
86111
-25468
-19273
60029
-9692
81404
80949
-56126
-80992
35379
-18012
84513
-71351
-39299
-19808
-23780
94200
-63017
-82553
-67238
-82832
57584
14623
83661
-32391
40431
50259
68898
51658
6342
-49270
-65376
-27921
82079
3825
13210
-99753
-87238
56681
19495
-68384
33767
-29751
-80578
784
42003
-84515
-18292
-24594
34788
-80057
193
-15821
61731
-74226
-2279
-95051
17790
43961
10731
28148
45343
-78350
-63315
64011
-97932
2209
63483
65563
-73685
8620
-2056
-67664
-70190
13583
15685
63919
-11228
38984
93334
-57101
-88036
-95502
26768
-12488
-50882
59600
98747
53065
-3788
5072
99065
27199
-76338
39002
-15260
9376
-77281
-45828
-80186
-35522
64989
83207
-94921
46528
-33001
5395
39186
-79881
38929
25407
-23476
10823
86421
-17713
97761
6220
17525
64736
-81618
9197
-14859
-73973
80963
61044
-7189
-45520
4110
33884
-48743
-15148
-78508
44210
-28704
55954
45898
-21306
54793
-65200
72822
12904
63126
-57851
75186
53960
-34563
-11600
4147
-80040
44043
-6960
3031
-72975
-89647
-31032
-41628
32419
-27315
43791
78223
-76570
-27415
10436
-10674
-9786
55587
-86400
-96448
78898
-48718
61903
-5542
-75712
86640
49597
-38724
96888
-48666
70232
-28609
1159
294
-60662
-32844
51325
73942
50527
99133
-29777
-13252
-77220
-29782
74633
57829
3896
51521
77217
-43526
-64231
63425
13519
-26281
-13506
-7124
19911
8960
-11970
23887
14026
88598
-53509
25957
50231
-48773
-15796
-74401
-52940
-62871
-77456
-2670
1103
7059
-86296
29118
9981
46826
32098
-73492
-54196
59223
-82399
49345
43828
54068
59296
-96288
48366
25915
10334
92234
-83985
-6661
12561
96248
-73538
78677
-47293
23849
12292
56220
54575
86605
-22481
-98412
-95348
46603
25306
-9664
83057
-5583
14734
34657
-96932
-48534
-51602
939
-8591
-56373
-15179
27740
-94892
18913
-56066
9817
7608
40885
-44366
64699
7815
-65362
-79580
96769
62460
79736
67553
-53391
-88984
2687
6182
68976
-57454
-33532
-37677
-65243
96228
92364
-34533
-13468
-95457
-6924
-51186
87053
-87572
82135
24289
-37853
-31458
97507
-64650
-88883
-81001
-18341
2979
-33986
-89680
-97047
-55503
586
56426
-46106
-49118
-70889
-27774
-56224
45080
70296
-73347
-66613
60160
-14222
-791
79852
4340
-56015
67688
27200
6525
-17268
-12740
-62131
-48753
82326
34905
-77789
-93448
37686
-39098
-79390
-99278
58588
-26810
13853
-97304
87367
-31967
59682
-9243
84180
-52945
33416
26861
73926
11014
-11561
-4389
-7105
-24900
41914
-33638
-25139
-67808
42734
-35888
-19976
61819
-89573
-52281
45929
38836
65933
40794
-57873
-66365
-85096
-3057
-77804
99830
-39690
17218
-81316
-84596
-1250
19198
70734
-10257
-79233
-82721
-8687
86226
93234
96233
68986
-16216
44052
-25564
86039
6972
11061
46940
-71636
24277
19101
39902
72817
33325
-62954
78864
-24384
96370
20578
-99813
40700
8496
-87232
-58442
-28257
7306
40246
75255
2585
-41983
41431
59235
98477
83638
96294
-79578
-45996
-37428
93323
-80053
-12655
18945
-97421
-38716
-53989
-36091
-54516
24052
-75467
6220
-60822
14903
94038
-22493
43785
70699
-4002
93772
-93804
-13963
93685
48323
44081
-34860
-86364
65423
-23874
40012
42319
-97220
90020
80004
63141
-46055
-2079
-67364
-92512
-27959
38573
32292
-25892
-4621
-83888
-62474
93772
-38462
93936
89286
-96086
80004
20414
5912
-16317
-12911
8940
48409
-95466
-92432
26386
39770
74930
-84147
74652
-19846
73430
-68500
77545
72892
-19985
-14852
92710
-20621
17949
34280
-27268
28062
35021
-73770
22501
-45392
-30446
98755
-50809
-86207
-15903
-81305
89107
-63148
24888
-61379
73483
41725
-32030
-23701
-92602
-47283
